Оптимизация модели NWScikit
|   iter    |  target   | batch_... |  epoch_n  | n_neurons | n_layers  |    lr     |
-------------------------------------------------------------------------------------
| 1         | -0.3675   | 78        | 448       | 64        | 1         | 0.0003920 |
| 2         | 0.0643    | 60        | 202       | 171       | 1         | 5.8987... |
| 3         | -0.06035  | 50        | 187       | 166       | 2         | 8.0004... |
| 4         | -0.009869 | 42        | 249       | 102       | 2         | 0.0003637 |
| 5         | -0.04637  | 69        | 393       | 179       | 2         | 0.0004961 |
| 6         | -0.06255  | 72        | 413       | 71        | 1         | 0.0002216 |
| 7         | 0.01106   | 66        | 158       | 219       | 2         | 0.0001531 |
| 8         | -0.003418 | 55        | 370       | 239       | 2         | 0.0003947 |
| 9         | 0.01867   | 42        | 406       | 184       | 1         | 0.0002307 |
| 10        | -0.02438  | 57        | 487       | 138       | 2         | 0.0002860 |
| 11        | 0.01632   | 48        | 445       | 102       | 2         | 0.0003452 |
| 12        | 0.003152  | 46        | 363       | 224       | 1         | 0.0004555 |
| 13        | 0.03758   | 75        | 149       | 153       | 2         | 0.0001627 |
| 14        | 0.006653  | 45        | 153       | 155       | 2         | 0.0001005 |
| 15        | 0.02089   | 57        | 317       | 93        | 2         | 0.0002036 |
| 16        | -0.05536  | 59        | 202       | 171       | 2         | 0.0002986 |
| 17        | 0.04132   | 75        | 348       | 209       | 2         | 0.0001117 |
| 18        | 0.02467   | 67        | 197       | 215       | 1         | 0.0004349 |
| 19        | 0.0245    | 62        | 418       | 71        | 2         | 0.0001100 |
| 20        | -0.102    | 47        | 388       | 172       | 1         | 0.0002199 |
| 21        | -0.01701  | 57        | 402       | 155       | 1         | 0.0004108 |
| 22        | 0.02166   | 75        | 131       | 249       | 2         | 8.0260... |
| 23        | 0.08012   | 66        | 415       | 143       | 2         | 4.1884... |
| 24        | 0.01354   | 80        | 251       | 77        | 2         | 0.0003965 |
| 25        | 0.01386   | 71        | 283       | 118       | 2         | 0.0003482 |
| 26        | 0.06857   | 54        | 449       | 120       | 2         | 4.0059... |
| 27        | -0.022    | 65        | 260       | 85        | 2         | 0.0003627 |
| 28        | 0.05741   | 62        | 170       | 122       | 1         | 2.9112... |
| 29        | -0.02934  | 43        | 264       | 176       | 1         | 0.0003243 |
| 30        | 0.04099   | 77        | 494       | 250       | 1         | 0.0001568 |
| 31        | -0.1274   | 63        | 241       | 189       | 2         | 0.0003861 |
| 32        | -0.01136  | 41        | 395       | 214       | 2         | 0.0001895 |
| 33        | -0.1625   | 62        | 358       | 64        | 1         | 0.0004206 |
| 34        | -0.04324  | 60        | 176       | 106       | 2         | 0.0003967 |
| 35        | -0.05608  | 54        | 113       | 88        | 2         | 0.0002919 |
| 36        | -0.000815 | 60        | 225       | 120       | 1         | 0.0003716 |
| 37        | -0.1526   | 43        | 207       | 239       | 1         | 0.0004143 |
| 38        | -0.00668  | 72        | 207       | 109       | 1         | 0.0004725 |
| 39        | 0.0289    | 71        | 149       | 189       | 1         | 0.0003871 |
| 40        | -0.05368  | 59        | 247       | 115       | 2         | 0.0004889 |
| 41        | 0.04808   | 61        | 322       | 54        | 2         | 9.8615... |
| 42        | -0.08908  | 51        | 294       | 236       | 1         | 0.0001221 |
| 43        | -0.02137  | 72        | 267       | 176       | 2         | 0.0002637 |
| 44        | 0.01993   | 41        | 265       | 221       | 2         | 0.0001584 |
| 45        | 0.09064   | 66        | 118       | 68        | 1         | 0.0004392 |
| 46        | 0.01172   | 54        | 128       | 93        | 1         | 0.0004921 |
| 47        | -0.08206  | 67        | 249       | 191       | 2         | 0.0003858 |
| 48        | 0.1303    | 68        | 138       | 78        | 2         | 9.3908... |
| 49        | -0.01907  | 77        | 436       | 226       | 2         | 0.0001068 |
| 50        | 0.0866    | 78        | 428       | 143       | 1         | 0.0001467 |
=====================================================================================
Оптимизация модели HistGradientBoostingRegressor
|   iter    |  target   | learni... | max_iter  | max_le... | max_depth | min_sa... |
-------------------------------------------------------------------------------------
| 1         | -0.08693  | 0.0811626 | 358       | 29        | 11        | 8         |
| 2         | 0.07153   | 0.1237451 | 112       | 33        | 23        | 11        |
| 3         | -0.02563  | 0.0972572 | 382       | 50        | 8         | 3         |
| 4         | 0.2033    | 0.0139110 | 267       | 38        | 12        | 6         |
| 5         | 0.1603    | 0.0101479 | 453       | 35        | 1         | 12        |
| 6         | -0.05094  | 0.1262141 | 262       | 39        | 17        | 10        |
| 7         | 0.1494    | 0.0188664 | 197       | 30        | 15        | 15        |
| 8         | 0.1512    | 0.1274933 | 373       | 17        | 5         | 19        |
| 9         | -0.05836  | 0.1392584 | 338       | 32        | 4         | 14        |
| 10        | -0.3803   | 0.1635954 | 274       | 40        | 21        | 2         |
| 11        | -0.131    | 0.1400042 | 376       | 21        | 12        | 8         |
| 12        | 0.113     | 0.0165338 | 215       | 31        | 4         | 18        |
| 13        | 0.204     | 0.1358792 | 11        | 20        | 22        | 10        |
| 14        | 0.01992   | 0.1178630 | 486       | 32        | 26        | 12        |
| 15        | -0.03379  | 0.1885047 | 455       | 50        | 14        | 16        |
| 16        | -0.03038  | 0.1519908 | 155       | 45        | 10        | 9         |
| 17        | -0.3891   | 0.1228117 | 447       | 43        | 2         | 2         |
| 18        | 0.09801   | 0.0584481 | 410       | 36        | 20        | 12        |
| 19        | -0.1339   | 0.1704735 | 200       | 21        | 27        | 7         |
| 20        | 0.03218   | 0.1307634 | 333       | 15        | 26        | 18        |
| 21        | 0.1699    | 0.1675425 | 70        | 36        | 11        | 17        |
| 22        | 0.05415   | 0.1257372 | 72        | 44        | 10        | 9         |
| 23        | 0.05466   | 0.0800405 | 285       | 17        | 29        | 13        |
| 24        | -0.04646  | 0.1645885 | 251       | 40        | 2         | 11        |
| 25        | -0.03217  | 0.0564681 | 399       | 36        | 16        | 9         |
| 26        | -0.06287  | 0.1401062 | 362       | 35        | 7         | 3         |
| 27        | 0.02604   | 0.0726692 | 189       | 27        | 15        | 8         |
| 28        | -0.07881  | 0.1267496 | 197       | 29        | 14        | 6         |
| 29        | -0.07419  | 0.1027555 | 485       | 31        | 26        | 11        |
| 30        | -0.03977  | 0.0557765 | 270       | 36        | 12        | 5         |
| 31        | 0.06557   | 0.0655434 | 166       | 35        | 29        | 8         |
| 32        | 0.1597    | 0.1977546 | 19        | 47        | 15        | 9         |
| 33        | 0.2006    | 0.1131611 | 13        | 22        | 22        | 9         |
| 34        | -0.05571  | 0.0758047 | 265       | 37        | 12        | 8         |
| 35        | 0.1941    | 0.0836489 | 13        | 21        | 21        | 12        |
| 36        | 0.195     | 0.1421035 | 15        | 21        | 24        | 10        |
| 37        | 0.1831    | 0.0971841 | 12        | 19        | 25        | 11        |
| 38        | 0.21      | 0.1861741 | 14        | 19        | 23        | 8         |
| 39        | 0.1493    | 0.0831707 | 11        | 24        | 26        | 13        |
| 40        | 0.1294    | 0.1895224 | 13        | 18        | 23        | 16        |
| 41        | -0.01281  | 0.0572306 | 266       | 40        | 8         | 5         |
| 42        | 0.1266    | 0.1559011 | 14        | 23        | 22        | 15        |
| 43        | 0.2413    | 0.1142789 | 15        | 16        | 23        | 10        |
| 44        | 0.2149    | 0.1416921 | 13        | 17        | 18        | 9         |
| 45        | 0.2131    | 0.1932548 | 19        | 19        | 18        | 7         |
| 46        | 0.199     | 0.1988705 | 16        | 18        | 17        | 11        |
| 47        | 0.2288    | 0.1080097 | 20        | 21        | 20        | 13        |
| 48        | 0.169     | 0.0618699 | 18        | 16        | 21        | 11        |
| 49        | 0.1531    | 0.1999423 | 23        | 22        | 19        | 8         |
| 50        | 0.2057    | 0.1106483 | 17        | 15        | 21        | 5         |
=====================================================================================
Оптимизация модели XGBRegressor
|   iter    |  target   | n_esti... | learni... | max_depth | max_le... |
-------------------------------------------------------------------------
| 1         | -0.6015   | 112       | 0.2391663 | 15        | 11        |
| 2         | -0.5941   | 81        | 0.1799988 | 7         | 26        |
| 3         | -0.3998   | 224       | 0.018367  | 24        | 21        |
| 4         | -0.2126   | 109       | 0.0437171 | 3         | 22        |
| 5         | -0.5816   | 267       | 0.2168776 | 30        | 6         |
| 6         | -0.2925   | 201       | 0.2976712 | 1         | 12        |
| 7         | -0.005009 | 31        | 0.0031128 | 25        | 17        |
| 8         | -0.585    | 68        | 0.1205584 | 28        | 28        |
| 9         | -0.5917   | 280       | 0.1373649 | 15        | 30        |
| 10        | -0.6204   | 60        | 0.1153561 | 20        | 25        |
| 11        | -0.6163   | 140       | 0.2581221 | 7         | 21        |
| 12        | 0.04648   | 176       | 0.0049662 | 25        | 28        |
| 13        | -0.5716   | 23        | 0.2427108 | 9         | 26        |
| 14        | -0.3946   | 62        | 0.0700372 | 28        | 15        |
| 15        | -0.2878   | 273       | 0.0112821 | 14        | 17        |
| 16        | -0.5914   | 174       | 0.2355966 | 28        | 27        |
| 17        | -0.6496   | 152       | 0.1882127 | 14        | 14        |
| 18        | -0.628    | 223       | 0.2179121 | 27        | 23        |
| 19        | -0.6075   | 132       | 0.2837913 | 30        | 29        |
| 20        | -0.5617   | 57        | 0.1320450 | 14        | 19        |
| 21        | -0.6443   | 113       | 0.2491326 | 25        | 12        |
| 22        | -0.5979   | 147       | 0.1866271 | 28        | 21        |
| 23        | -0.3746   | 154       | 0.0269495 | 30        | 17        |
| 24        | -0.1048   | 23        | 0.0818906 | 5         | 21        |
| 25        | -0.5185   | 293       | 0.2685311 | 4         | 30        |
| 26        | -0.6164   | 94        | 0.1642428 | 4         | 11        |
| 27        | -0.4481   | 45        | 0.0994311 | 14        | 20        |
| 28        | -0.6127   | 160       | 0.0615584 | 30        | 29        |
| 29        | -0.6139   | 224       | 0.1389840 | 24        | 21        |
| 30        | -0.5796   | 299       | 0.0562456 | 16        | 7         |
| 31        | -0.2739   | 70        | 0.0829711 | 3         | 29        |
| 32        | -0.631    | 279       | 0.2392926 | 17        | 24        |
| 33        | 0.002749  | 17        | 0.0998901 | 8         | 4         |
| 34        | -0.6154   | 282       | 0.2191113 | 25        | 26        |
| 35        | -0.5941   | 211       | 0.2607640 | 12        | 18        |
| 36        | -0.2098   | 89        | 0.1715887 | 2         | 26        |
| 37        | -0.4696   | 122       | 0.0624827 | 28        | 11        |
| 38        | 0.02648   | 158       | 0.0071816 | 3         | 15        |
| 39        | -0.6067   | 156       | 0.1591766 | 4         | 21        |
| 40        | -0.5562   | 125       | 0.0652343 | 21        | 20        |
| 41        | -0.6225   | 283       | 0.2018269 | 11        | 12        |
| 42        | -0.6171   | 212       | 0.2618666 | 19        | 19        |
| 43        | -0.4107   | 118       | 0.0349240 | 14        | 20        |
| 44        | -0.4094   | 36        | 0.2163601 | 4         | 27        |
| 45        | -0.2747   | 170       | 0.0157895 | 14        | 22        |
| 46        | -0.2775   | 251       | 0.0894121 | 2         | 28        |
| 47        | -0.567    | 214       | 0.2483709 | 9         | 26        |
| 48        | -0.5985   | 239       | 0.1980395 | 12        | 27        |
| 49        | -0.6276   | 153       | 0.2089577 | 27        | 10        |
| 50        | -0.04811  | 189       | 0.1318150 | 25        | 1         |
=========================================================================
Оптимизация модели GradientBoostingRegressor
|   iter    |  target   | n_esti... | learni... | max_depth | min_sa... | min_sa... |
-------------------------------------------------------------------------------------
| 1         | -0.1186   | 112       | 0.2409974 | 15        | 12        | 8         |
| 2         | -0.03153  | 198       | 0.1830865 | 26        | 20        | 11        |
| 3         | -0.3009   | 97        | 0.1067754 | 8         | 4         | 2         |
| 4         | -0.04397  | 201       | 0.2977413 | 1         | 13        | 12        |
| 5         | 0.1109    | 58        | 0.1621846 | 10        | 17        | 15        |
| 6         | 0.1548    | 199       | 0.0362758 | 30        | 20        | 12        |
| 7         | -0.07922  | 64        | 0.2951369 | 25        | 4         | 5         |
| 8         | -0.06692  | 144       | 0.0594519 | 7         | 19        | 4         |
| 9         | -0.4113   | 98        | 0.2900332 | 18        | 10        | 2         |
| 10        | 0.003479  | 101       | 0.1376442 | 7         | 13        | 8         |
| 11        | -0.05761  | 44        | 0.2737029 | 4         | 19        | 8         |
| 12        | 0.1632    | 11        | 0.1332952 | 22        | 11        | 4         |
| 13        | -0.15     | 200       | 0.2542625 | 12        | 3         | 10        |
| 14        | -0.107    | 279       | 0.2209088 | 15        | 9         | 14        |
| 15        | -0.02435  | 224       | 0.1610419 | 30        | 9         | 16        |
| 16        | 0.1224    | 14        | 0.2048140 | 24        | 12        | 5         |
| 17        | 0.1255    | 14        | 0.0608196 | 17        | 11        | 2         |
| 18        | 0.1979    | 14        | 0.2234120 | 18        | 8         | 10        |
| 19        | 0.1826    | 12        | 0.1087527 | 15        | 16        | 11        |
| 20        | 0.08218   | 10        | 0.1028589 | 11        | 6         | 16        |
| 21        | 0.08272   | 11        | 0.1005270 | 24        | 9         | 17        |
| 22        | 0.13      | 22        | 0.2249903 | 15        | 12        | 15        |
| 23        | -0.02822  | 206       | 0.2250380 | 30        | 16        | 20        |
| 24        | 0.1922    | 16        | 0.1860499 | 5         | 18        | 10        |
| 25        | 0.1428    | 19        | 0.2226695 | 4         | 8         | 8         |
| 26        | 0.04071   | 11        | 0.2455866 | 7         | 19        | 2         |
| 27        | 0.04077   | 13        | 0.2171342 | 1         | 20        | 20        |
| 28        | 0.1397    | 26        | 0.2112761 | 5         | 17        | 10        |
| 29        | 0.01487   | 11        | 0.2455332 | 27        | 2         | 3         |
| 30        | 0.141     | 98        | 0.1720785 | 2         | 19        | 19        |
| 31        | 0.003469  | 111       | 0.2566315 | 2         | 20        | 20        |
| 32        | 0.07292   | 84        | 0.1331779 | 2         | 20        | 18        |
| 33        | 0.1471    | 68        | 0.1045708 | 1         | 8         | 19        |
| 34        | 0.02763   | 57        | 0.1820831 | 2         | 3         | 20        |
| 35        | 0.15      | 68        | 0.1305319 | 2         | 19        | 9         |
| 36        | 0.02091   | 68        | 0.2221011 | 7         | 20        | 20        |
| 37        | 0.1069    | 67        | 0.1222489 | 2         | 8         | 5         |
| 38        | 0.03694   | 79        | 0.0489509 | 1         | 3         | 20        |
| 39        | 0.2366    | 27        | 0.0617227 | 14        | 3         | 6         |
| 40        | -0.9843   | 33        | 0.2279737 | 10        | 2         | 1         |
| 41        | 0.06986   | 20        | 0.2638427 | 16        | 5         | 9         |
| 42        | 0.1972    | 17        | 0.1450939 | 13        | 12        | 9         |
| 43        | 0.114     | 16        | 0.1081455 | 8         | 14        | 14        |
| 44        | 0.02986   | 27        | 0.2768533 | 17        | 9         | 8         |
| 45        | 0.2142    | 20        | 0.1478540 | 9         | 19        | 6         |
| 46        | 0.1819    | 17        | 0.2922210 | 10        | 20        | 12        |
| 47        | 0.1607    | 18        | 0.0262105 | 17        | 17        | 7         |
| 48        | 0.1368    | 29        | 0.2425416 | 17        | 2         | 12        |
| 49        | 0.1586    | 19        | 0.0283290 | 5         | 14        | 4         |
| 50        | 0.1893    | 24        | 0.0426756 | 9         | 3         | 12        |
=====================================================================================
Оптимизация модели ExtraTreesRegressor
|   iter    |  target   | n_esti... | max_depth | min_sa... | min_sa... |
-------------------------------------------------------------------------
| 1         | 0.1449    | 112       | 20        | 16        | 11        |
| 2         | 0.04315   | 81        | 29        | 8         | 19        |
| 3         | 0.2392    | 224       | 11        | 12        | 4         |
| 4         | 0.1091    | 161       | 3         | 3         | 12        |
| 5         | 0.111     | 201       | 28        | 2         | 12        |
| 6         | 0.1123    | 31        | 29        | 13        | 17        |
| 7         | 0.06845   | 68        | 10        | 17        | 15        |
| 8         | 0.0444    | 199       | 30        | 16        | 19        |
| 9         | 0.2398    | 64        | 20        | 4         | 5         |
| 10        | 0.2003    | 144       | 21        | 10        | 7         |
| 11        | 0.08022   | 283       | 4         | 15        | 18        |
| 12        | 0.002648  | 274       | 26        | 3         | 20        |
| 13        | 0.1098    | 101       | 15        | 8         | 12        |
| 14        | 0.06859   | 273       | 15        | 4         | 14        |
| 15        | 0.1411    | 90        | 4         | 19        | 8         |
| 16        | 0.1481    | 59        | 22        | 4         | 2         |
| 17        | 0.2336    | 68        | 18        | 5         | 3         |
| 18        | 0.2298    | 227       | 4         | 12        | 3         |
| 19        | 0.1981    | 233       | 12        | 9         | 6         |
| 20        | 0.1412    | 225       | 7         | 19        | 10        |
| 21        | 0.2349    | 221       | 9         | 5         | 4         |
| 22        | 0.1376    | 216       | 2         | 10        | 1         |
| 23        | 0.1624    | 224       | 17        | 6         | 2         |
| 24        | 0.1068    | 228       | 7         | 5         | 12        |
| 25        | 0.1486    | 66        | 16        | 3         | 9         |
| 26        | 0.1879    | 228       | 7         | 7         | 2         |
| 27        | 0.256     | 68        | 24        | 6         | 5         |
| 28        | 0.2249    | 74        | 24        | 2         | 3         |
| 29        | 0.2166    | 71        | 26        | 13        | 2         |
| 30        | 0.1484    | 67        | 30        | 4         | 2         |
| 31        | 0.2254    | 232       | 11        | 16        | 2         |
| 32        | 0.1736    | 65        | 22        | 13        | 7         |
| 33        | 0.1802    | 78        | 22        | 10        | 2         |
| 34        | 0.1903    | 237       | 4         | 14        | 1         |
| 35        | 0.2448    | 239       | 20        | 16        | 4         |
| 36        | 0.1458    | 242       | 14        | 17        | 8         |
| 37        | 0.1806    | 232       | 21        | 20        | 2         |
| 38        | 0.2112    | 239       | 23        | 10        | 3         |
| 39        | 0.1393    | 241       | 28        | 17        | 8         |
| 40        | 0.202     | 235       | 18        | 14        | 1         |
| 41        | 0.255     | 215       | 12        | 7         | 4         |
| 42        | 0.1379    | 214       | 14        | 4         | 9         |
| 43        | 0.2482    | 218       | 12        | 15        | 2         |
| 44        | 0.1528    | 213       | 13        | 11        | 1         |
| 45        | 0.2286    | 221       | 15        | 18        | 3         |
| 46        | 0.2495    | 218       | 14        | 11        | 5         |
| 47        | 0.2531    | 217       | 9         | 9         | 5         |
| 48        | 0.1658    | 221       | 7         | 19        | 1         |
| 49        | 0.1427    | 68        | 24        | 2         | 10        |
| 50        | 0.1294    | 244       | 19        | 20        | 1         |
=========================================================================
Оптимизация модели RandomForestRegressor
|   iter    |  target   | n_esti... | max_depth | min_sa... | min_sa... |
-------------------------------------------------------------------------
| 1         | 0.08138   | 112       | 20        | 16        | 11        |
| 2         | -0.05008  | 81        | 29        | 8         | 19        |
| 3         | 0.1208    | 84        | 11        | 5         | 8         |
| 4         | 0.07027   | 161       | 3         | 3         | 12        |
| 5         | -0.046    | 167       | 6         | 3         | 1         |
| 6         | -0.04197  | 67        | 22        | 13        | 17        |
| 7         | -0.019    | 68        | 10        | 17        | 15        |
| 8         | -0.04815  | 199       | 30        | 16        | 19        |
| 9         | 0.1391    | 117       | 23        | 4         | 5         |
| 10        | 0.1364    | 60        | 7         | 10        | 7         |
| 11        | -0.04875  | 27        | 4         | 15        | 18        |
| 12        | -0.04458  | 18        | 26        | 3         | 20        |
| 13        | 0.06515   | 101       | 15        | 8         | 12        |
| 14        | 0.04338   | 17        | 15        | 4         | 14        |
| 15        | 0.1162    | 90        | 4         | 19        | 8         |
| 16        | 0.1333    | 91        | 8         | 9         | 3         |
| 17        | 0.09475   | 69        | 4         | 5         | 2         |
| 18        | 0.1408    | 118       | 24        | 4         | 6         |
| 19        | 0.08911   | 51        | 5         | 4         | 1         |
| 20        | 0.1226    | 129       | 15        | 4         | 3         |
| 21        | 0.1506    | 131       | 28        | 14        | 2         |
| 22        | -0.04858  | 136       | 29        | 11        | 17        |
| 23        | -0.004442 | 121       | 27        | 18        | 1         |
| 24        | -0.0129   | 131       | 26        | 7         | 1         |
| 25        | 0.1141    | 87        | 7         | 9         | 8         |
| 26        | 0.1494    | 134       | 24        | 17        | 4         |
| 27        | 0.128     | 133       | 30        | 17        | 5         |
| 28        | 0.1078    | 119       | 16        | 3         | 9         |
| 29        | -0.1067   | 85        | 12        | 15        | 1         |
| 30        | 0.1598    | 90        | 9         | 2         | 5         |
| 31        | 0.1235    | 93        | 3         | 4         | 5         |
| 32        | 0.07337   | 92        | 10        | 5         | 11        |
| 33        | -0.07916  | 85        | 6         | 2         | 1         |
| 34        | 0.1362    | 96        | 9         | 4         | 5         |
| 35        | 0.1408    | 96        | 4         | 10        | 7         |
| 36        | 0.1572    | 92        | 14        | 3         | 3         |
| 37        | -0.08047  | 131       | 26        | 20        | 1         |
| 38        | 0.1451    | 137       | 27        | 14        | 2         |
| 39        | 0.1304    | 135       | 23        | 14        | 6         |
| 40        | 0.1865    | 98        | 6         | 9         | 2         |
| 41        | 0.181     | 102       | 4         | 10        | 3         |
| 42        | 0.02833   | 99        | 1         | 14        | 3         |
| 43        | -0.04496  | 103       | 7         | 6         | 1         |
| 44        | 0.1818    | 96        | 9         | 8         | 5         |
| 45        | 0.1833    | 99        | 6         | 12        | 4         |
| 46        | 0.1243    | 102       | 6         | 9         | 8         |
| 47        | 0.1617    | 97        | 10        | 13        | 6         |
| 48        | 0.1862    | 98        | 10        | 11        | 2         |
| 49        | 0.1455    | 103       | 9         | 15        | 5         |
| 50        | 0.1565    | 95        | 13        | 8         | 2         |
=========================================================================
Оптимизация модели CatBoostRegressor
|   iter    |  target   | iterat... | learni... |   depth   | l2_lea... |
-------------------------------------------------------------------------
| 1         | 0.1523    | 152       | 0.2409974 | 8         | 18.361096 |
| 2         | 0.1509    | 152       | 0.1392914 | 7         | 2.6844247 |
| 3         | 0.1817    | 137       | 0.1067754 | 8         | 21.534104 |
| 4         | 0.1554    | 199       | 0.0263593 | 8         | 25.140836 |
| 5         | 0.0442    | 87        | 0.0102258 | 5         | 18.906963 |
| 6         | 0.1994    | 107       | 0.1621793 | 9         | 9.4456450 |
| 7         | 0.1408    | 108       | 0.1259596 | 3         | 12.091397 |
| 8         | 0.02049   | 293       | 0.1818002 | 3         | 25.938271 |
| 9         | 0.07856   | 184       | 0.0594519 | 7         | 1.3846838 |
| 10        | -0.02489  | 138       | 0.2900332 | 2         | 12.177078 |
| 11        | 0.2314    | 139       | 0.0383249 | 4         | 7.9897385 |
| 12        | 0.14      | 237       | 0.0453910 | 8         | 1.9972671 |
| 13        | 0.08542   | 255       | 0.1234075 | 2         | 20.213146 |
| 14        | 0.1778    | 51        | 0.1332952 | 6         | 16.854598 |
| 15        | 0.1127    | 103       | 0.0190808 | 2         | 23.478851 |
| 16        | 0.1987    | 264       | 0.0565721 | 8         | 22.127735 |
| 17        | 0.1937    | 54        | 0.2172424 | 4         | 29.039361 |
| 18        | 0.1206    | 253       | 0.0372495 | 1         | 29.543027 |
| 19        | 0.2202    | 108       | 0.0923059 | 3         | 11.871742 |
| 20        | -0.04786  | 295       | 0.2030199 | 3         | 22.206942 |
| 21        | 0.07304   | 51        | 0.0277971 | 6         | 17.128120 |
| 22        | 0.1985    | 139       | 0.0557766 | 4         | 7.8751934 |
| 23        | 0.04674   | 139       | 0.1581122 | 4         | 8.2686539 |
| 24        | 0.1968    | 174       | 0.0118017 | 4         | 4.4236910 |
| 25        | 0.1828    | 107       | 0.1888790 | 8         | 9.4828662 |
| 26        | 0.1165    | 152       | 0.1919975 | 7         | 2.4341065 |
| 27        | 0.1943    | 107       | 0.0374098 | 8         | 9.3627541 |
| 28        | 0.1833    | 152       | 0.0405342 | 8         | 18.178645 |
| 29        | 0.08411   | 137       | 0.2765319 | 8         | 21.544593 |
| 30        | 0.06284   | 261       | 0.0663438 | 1         | 20.223029 |
| 31        | 0.01181   | 287       | 0.2139268 | 6         | 1.8888087 |
| 32        | 0.07462   | 235       | 0.2984503 | 8         | 27.790941 |
| 33        | 0.1435    | 279       | 0.2567264 | 10        | 26.177338 |
| 34        | 0.1701    | 137       | 0.1527754 | 8         | 21.575318 |
| 35        | 0.1899    | 137       | 0.0835221 | 8         | 22.355301 |
| 36        | -0.03779  | 187       | 0.1031944 | 3         | 3.3764911 |
| 37        | 0.2051    | 152       | 0.0981323 | 8         | 17.927444 |
| 38        | 0.1172    | 51        | 0.0420083 | 6         | 16.571381 |
| 39        | -0.04637  | 108       | 0.2469871 | 3         | 11.720776 |
| 40        | 0.08981   | 292       | 0.0823239 | 5         | 18.669672 |
| 41        | 0.1212    | 107       | 0.2293430 | 8         | 10.256866 |
| 42        | 0.1519    | 107       | 0.0223502 | 8         | 9.9883886 |
| 43        | 0.1864    | 152       | 0.0560797 | 9         | 17.945952 |
| 44        | 0.1513    | 152       | 0.1733096 | 8         | 18.005812 |
| 45        | 0.1795    | 297       | 0.0346338 | 7         | 29.126277 |
| 46        | 0.1669    | 173       | 0.2743844 | 6         | 23.292949 |
| 47        | 0.05697   | 103       | 0.1925750 | 6         | 9.1768400 |
| 48        | 0.1548    | 139       | 0.0689613 | 4         | 7.1483737 |
| 49        | 0.2127    | 152       | 0.0148807 | 7         | 2.7977279 |
| 50        | 0.1348    | 264       | 0.0131387 | 8         | 21.752173 |
=========================================================================
                           Model                                                                                                                   Parameters  Mean CV R2 Score  Test R2 Score
0                       NWScikit                              {'batch_size': 68, 'epoch_n': 138, 'n_neurons': 78, 'n_layers': 2, 'lr': 9.390826414926974e-05}          0.130261      -0.224692
1  HistGradientBoostingRegressor        {'learning_rate': 0.11427892727667563, 'max_iter': 15, 'max_leaf_nodes': 16, 'max_depth': 23, 'min_samples_leaf': 10}          0.241280       0.006557
2                   XGBRegressor                              {'n_estimators': 176, 'learning_rate': 0.004966223386800092, 'max_depth': 25, 'max_leaves': 28}          0.046484       0.073528
3      GradientBoostingRegressor  {'n_estimators': 27, 'learning_rate': 0.061722710425231704, 'max_depth': 14, 'min_samples_split': 3, 'min_samples_leaf': 6}          0.236555       0.053934
4            ExtraTreesRegressor                                         {'n_estimators': 68, 'max_depth': 24, 'min_samples_split': 6, 'min_samples_leaf': 5}          0.255974       0.057143
5          RandomForestRegressor                                          {'n_estimators': 98, 'max_depth': 6, 'min_samples_split': 9, 'min_samples_leaf': 2}          0.186464       0.061042
6              CatBoostRegressor                       {'iterations': 139, 'learning_rate': 0.03832491306185132, 'depth': 4, 'l2_leaf_reg': 7.98973851475434}          0.231379       0.001609

Model NWScikit found maximum 17.699260711669922 with parameters {'Pc': 4.0, 'U': 80.7559775612118, 't': 5.0, 'L': 8.486855909652501, 'B': 8.13654759221878}
Model HistGradientBoostingRegressor found maximum 8.515851575128782 with parameters {'Pc': 4.0, 'U': 87.7475240697166, 't': 5.0, 'L': 12.077552091683412, 'B': 8.157701584427912}
Model XGBRegressor found maximum 9.473450660705566 with parameters {'Pc': 4.0, 'U': 90.70153578657482, 't': 3.0, 'L': 8.54864242344191, 'B': 9.499649008870561}
Model GradientBoostingRegressor found maximum 10.065867935444597 with parameters {'Pc': 4.0, 'U': 79.46652319277075, 't': 5.0, 'L': 9.97522020546181, 'B': 11.09035275364859}
Model ExtraTreesRegressor found maximum 9.695966386554625 with parameters {'Pc': 4.0, 'U': 99.88845507121897, 't': 5.0, 'L': 12.510025018749417, 'B': 10.147993808378935}
Model RandomForestRegressor found maximum 10.24580624392614 with parameters {'Pc': 4.0, 'U': 88.94429022313788, 't': 5.0, 'L': 9.22197956650047, 'B': 8.432085317391072}
Model CatBoostRegressor found maximum 10.550680190149475 with parameters {'Pc': 4.0, 'U': 65.50640635922917, 't': 5.0, 'L': 9.514703867571026, 'B': 14.321160450437183}

Process finished with exit code 0
